-0.03 -1.5 0.12 5 500 12.5 1.25 0 0.1 0.2 0.3 0.4 0.5 10 0.6 1 3 0.7 0.8 0.9
0.3 0.6 0.9                 
1.33 1.33 1.33                 
0.42 0.38 0.38                 
0.07 0.06 0.06                 
120.07 60.84 80.37                 
1.2007 0.6084 0.8037                 
76.2 77.1 78.9                 
13.9 13.3 13.7                 
0.01 0.01 0.01                 
0.0 0.0 0.0                 
7.37 7.72 7.71                 
7.75 7.25 6.39                 
0.0 0.0 0.0                 
15.0 7.0 3.0                 
0.015 0.007 0.003                 
2.5 1.0 0.03                 
420.0 301.0 180.0                 
1.0 0.75 0.5                 
20.0 20.0 15.0                 
29.0 30.0 16.0                 
13.7 8.5 4.5                 
13.7 8.5 4.5                 
1581.0771 1428.7807 1250.4336                 
221.1755 198.08575 199.301                 
94.259 95.8683 78.3959                 
192.0 78.3 40.7                 
9.0 8.0 8.0                 
35.0 35.0 35.0                 
50.0 50.0 50.0                 
50.0 50.0 50.0                 
200.0 200.0 200.0                 
350.0 350.0 350.0                 
1000.0 1000.0 1000.0                 
1000.0 1000.0 1000.0                 
2000.0 2000.0 2000.0                 
0.0 0.0 0.0                 
0.5 0.5 0.5                 
0.25 0.25 0.25                 
0.25 0.25 0.25                 
0.6 0.6 0.6                 
0.16 0.16 0.16                 
3.0 3.0 3.0                 
1.0 1.0 1.0                 
0.0 0.0 0.0                 
7.0 7.0 7.0                 
0.25 0.25 0.25                 
0.05 0.05 0.05                 
0.0 0.0 0.0                 
0.0 0.0 0.0                 
0.0 0.0 0.0                 
0.0 0.0 0.0                 
0.0 0.0 0.0                 
0.0 0.0 0.0                 
